 0.129281   0.13489  0.138865  0.154649  0.168807  0.180941  0.181916  0.183322  0.183851  0.185938  0.135809   0.13743  0.141024  0.150796  0.164307  0.176795  0.179253  0.184749  0.185322  0.182965  0.185715   0.13814  0.139212  0.141702  0.149357  0.154442  0.175688  0.180402  0.184363  0.184202  0.185054  0.186185  0.140763  0.141687  0.146456  0.150641  0.164647  0.185319  0.183122  0.183905   0.18396  0.186377  0.160136   0.16824  0.175831  0.184459   0.14144  0.143365  0.145983  0.146506   0.15903  0.164865   0.17189  0.182331   0.18236   0.18267  0.183017  0.142776  0.146924  0.146583  0.152804  0.162843  0.170373  0.176793  0.182813   0.18249  0.183328  0.184285  0.147124  0.151715  0.157697  0.167999  0.175691  0.180301  0.183155  0.183821  0.185056  0.187295
  0.13489  0.128282   0.13465  0.152146  0.166652  0.178935  0.179999  0.181419  0.181952  0.184042  0.135321  0.134533  0.138104  0.148264  0.162076  0.174774  0.177321  0.182844  0.183424  0.181069  0.183821  0.138112   0.13801  0.139827  0.147446   0.15244  0.173721   0.17847  0.182463  0.182307  0.183161  0.184292  0.140022  0.140435  0.144941  0.149003  0.162665  0.183433  0.181234  0.182016  0.182071  0.184488  0.158349  0.166388  0.173948  0.182573  0.140726  0.142388  0.144772  0.145158  0.157477  0.163163  0.170093   0.18047  0.180482  0.180788  0.181132  0.141882   0.14587  0.145404  0.151489  0.161303  0.168683  0.174997  0.180948  0.180614  0.181447  0.182402  0.146036   0.15053  0.156292  0.166411  0.173964  0.178463  0.181287  0.181945  0.183176  0.185413
 0.138865   0.13465  0.127405  0.150244  0.165657  0.178296  0.179572  0.181023  0.181567  0.183662  0.138328  0.135151  0.136035  0.146509  0.160938  0.174103  0.176858  0.182443  0.183039  0.180691  0.183444  0.140405  0.139581  0.140398    0.1475  0.151976   0.17319  0.178012  0.182074  0.181929  0.182787  0.183921  0.141689  0.141614  0.145708  0.149413  0.162139  0.183077  0.180874  0.181653  0.181708  0.184124  0.158302  0.166139  0.173609  0.182216  0.142336  0.143764  0.145882   0.14605  0.157912  0.163248  0.169948  0.180174  0.180144  0.180439  0.180778  0.143309  0.147128  0.146499   0.15234  0.161708  0.168765  0.174842  0.180637  0.180281  0.181103  0.182052  0.147237  0.151587  0.156945  0.166701  0.173958  0.178213  0.180973  0.181611  0.182832  0.185064
 0.154649  0.152146  0.150244 0.0945065  0.138582  0.159197  0.165006   0.16711  0.167885   0.17008  0.153713  0.151319  0.149961  0.140481  0.136355  0.154613  0.161591  0.168442  0.169353   0.16714  0.169933  0.154443  0.153397   0.15291  0.155347  0.147401    0.1575  0.163105  0.168354  0.168403  0.169346   0.17052   0.15449  0.153525  0.155776  0.154711  0.149049  0.170063  0.167712  0.168422  0.168457   0.17087  0.154514  0.156634   0.16135  0.169105  0.154568  0.155406  0.156489  0.154922  0.160236  0.159325  0.161342  0.168347  0.167431  0.167493  0.167715  0.154819    0.1579  0.156148  0.159084  0.162123  0.163833  0.165606  0.168431  0.167635  0.168243  0.169074  0.157445  0.160419  0.160533  0.164878  0.167212  0.167109  0.168679  0.168945  0.169968  0.172113
 0.168807  0.166652  0.165657  0.138582  0.109045  0.146558  0.159461  0.162483  0.163548  0.165866  0.167812  0.165712  0.165018  0.158313  0.145269  0.145198  0.155531  0.163751  0.165022  0.162964  0.165803  0.168208  0.167194  0.166674  0.168852  0.158063  0.155739  0.158765   0.16412  0.164286  0.165306  0.166518  0.167938   0.16683  0.168725    0.1662  0.153136  0.166778  0.164047  0.164632  0.164631  0.167035  0.161756  0.159142  0.160067  0.165429  0.167802  0.168488  0.169275  0.167066  0.169268  0.164516  0.162646  0.166231  0.164255  0.164022  0.164099  0.167805  0.170624  0.168396  0.169853  0.169286  0.167335  0.165591  0.165689  0.164458  0.164838  0.165543  0.169896  0.172178  0.169328  0.170251  0.168991  0.165287  0.165813   0.16573  0.166554  0.168607
 0.180941  0.178935  0.178296  0.159197  0.146558  0.109148  0.148699  0.154599  0.156388  0.158989  0.179927  0.177973  0.177649  0.173103  0.164745  0.147626  0.146168  0.155986  0.157924  0.156182  0.159113  0.180169  0.179192  0.178729   0.18113  0.171006  0.162301  0.157136    0.1578  0.157755  0.158844   0.16011  0.179752  0.178611  0.180437  0.177566  0.165116  0.162542  0.158513  0.158716  0.158592  0.160968  0.171603  0.165632  0.161236  0.159674  0.179492  0.180109  0.180763  0.178237  0.178702   0.17116  0.165177   0.16353  0.159582  0.158716  0.158474  0.179355  0.182026  0.179503  0.179945  0.176627  0.171207  0.165264  0.161541  0.159618  0.159592  0.160058  0.181112  0.182899  0.177726  0.175589  0.170482  0.162274  0.161394  0.160783  0.161274  0.163166
 0.181916  0.179999  0.179572  0.165006  0.159461  0.148699  0.122827  0.137729  0.141046  0.144149   0.18089  0.179026   0.17893  0.175716   0.17025  0.155832   0.13968  0.140815  0.142918  0.141532  0.144586  0.181037  0.180087  0.179667  0.182241  0.172766  0.163245  0.152779  0.145138  0.143843  0.144753  0.146017   0.18053  0.179375  0.181175  0.178168  0.167114  0.151612  0.145833  0.145397  0.145024  0.147338  0.171556  0.163969  0.156023  0.146444  0.180192  0.180766   0.18134  0.178625  0.178043  0.168747  0.159829  0.153615  0.147709  0.146097   0.14543  0.179965  0.182541  0.179826  0.179595  0.174402  0.166445  0.157113  0.150042  0.147445  0.146968  0.147153  0.181503  0.182953  0.176166  0.171798  0.163678  0.151692  0.149583  0.148462  0.148596  0.150305
 0.183322  0.181419  0.181023   0.16711  0.162483  0.154599  0.137729  0.132573  0.138156  0.141826  0.182295  0.180444  0.180382  0.177366  0.172327  0.158655  0.142536  0.141228  0.140904  0.139466  0.142572  0.182428  0.181481  0.181069   0.18367  0.174306  0.164861  0.154022  0.145045  0.142953  0.143254  0.144364  0.181907   0.18075  0.182547  0.179526  0.168738  0.151246  0.145097  0.144333  0.143717  0.145958  0.172838  0.165055  0.156644  0.145266  0.181557  0.182125  0.182687  0.179944  0.179209  0.169655  0.160286  0.153301  0.147031  0.145214   0.14436  0.181316  0.183878  0.181134  0.180799  0.175314  0.166952   0.15705  0.149382  0.146638  0.146027  0.146105   0.18282  0.184219  0.177177   0.17245  0.163825  0.151173  0.148835  0.147595  0.147623  0.149269
 0.183851  0.181952  0.181567  0.167885  0.163548  0.156388  0.141046  0.138156   0.13237  0.138213  0.182823  0.180977  0.180927  0.177984  0.173098  0.159783  0.144179  0.143026  0.140597  0.136986  0.139999  0.182951  0.182006  0.181596  0.184209  0.174891  0.165546  0.154744  0.145638  0.142979  0.142274  0.142738  0.182425  0.181268  0.183064  0.180039   0.16937  0.151214  0.144924  0.143804  0.142758  0.144821  0.173334    0.1655  0.156959   0.14444   0.18207  0.182637  0.183194  0.180441  0.179652  0.170006  0.160474  0.153185  0.146758  0.144783  0.143702  0.181825  0.184381  0.181626  0.181252  0.175656  0.167133  0.156995  0.149061  0.146224  0.145488  0.145442  0.183316  0.184695  0.177555  0.172683  0.163845  0.150892   0.14844  0.147111  0.147038  0.148615
 0.185938  0.184042  0.183662   0.17008  0.165866  0.158989  0.144149  0.141826  0.138213  0.132352   0.18491  0.183067  0.183022  0.180111  0.175293  0.162144  0.146802  0.145791   0.14332  0.137497   0.13839  0.185036  0.184091  0.183683  0.186301  0.177004  0.167715  0.156955  0.147871  0.145074  0.143725  0.143261  0.184508   0.18335  0.185147  0.182121  0.171508  0.153088  0.146758  0.145425  0.143992  0.145846  0.175408  0.167557  0.158968  0.145757  0.184151  0.184716  0.185272  0.182515  0.181701  0.172015  0.162412   0.15499  0.148493  0.146424  0.145171  0.183903  0.186457  0.183697  0.183306  0.177659  0.169063  0.158814  0.150751   0.14786  0.147037  0.146894  0.185389  0.186759  0.179573  0.174635  0.165696  0.152593  0.150081  0.148695  0.148549  0.150072
 0.135809  0.135321  0.138328  0.153713  0.167812  0.179927   0.18089  0.182295  0.182823   0.18491  0.132508  0.136243  0.140061  0.149835  0.163317  0.175782  0.178229  0.183722  0.184294  0.181936  0.184687  0.137245  0.137737  0.140506  0.148247  0.153397  0.174666  0.179377  0.183335  0.183173  0.184025  0.185156  0.139704  0.140515  0.145319   0.14954  0.163619   0.18429  0.182093  0.182876  0.182931  0.185348  0.159079  0.167201  0.174799   0.18343  0.140471  0.142302  0.144882  0.145407  0.157955   0.16381  0.170848  0.181298  0.181329   0.18164  0.181988  0.141757  0.145865  0.145507   0.15173   0.16178  0.169323  0.175754  0.181782  0.181459  0.182297  0.183255  0.146065  0.150648  0.156632  0.166943  0.174647  0.179266  0.182123   0.18279  0.184026  0.186265
  0.13743  0.134533  0.135151  0.151319  0.165712  0.177973  0.179026  0.180444  0.180977  0.183067  0.136243  0.130598   0.13659  0.147254  0.161116   0.17381  0.176349  0.181869  0.182449  0.180094  0.182845  0.138254  0.137005  0.138114  0.146085  0.151342  0.172739  0.177494  0.181487  0.181331  0.182185  0.183317  0.139465  0.139405  0.143731  0.147853  0.161654  0.182456  0.180258   0.18104  0.181095  0.183512    0.1573  0.165384  0.172963  0.181597  0.140194  0.141631  0.143825  0.144138  0.156454   0.16216  0.169104  0.179491  0.179504  0.179811  0.180156  0.141203  0.145065  0.144515  0.150554  0.160329  0.167701  0.174016   0.17997  0.179637   0.18047  0.181425  0.145214  0.149656  0.155354  0.165444  0.172987  0.177485   0.18031  0.180968  0.182199  0.184436
 0.141024  0.138104  0.136035  0.149961  0.165018  0.177649   0.17893  0.180382  0.180927  0.183022  0.140061   0.13659  0.126522  0.144592  0.160088  0.173441  0.176212  0.181802  0.182399  0.180051  0.182805  0.141454  0.140183  0.139364  0.145715  0.150792  0.172492  0.177354  0.181433  0.181289  0.182148  0.183282  0.142148  0.141504  0.145063   0.14859   0.16132  0.182436  0.180235  0.181015  0.181069  0.183486  0.157515  0.165435  0.172947  0.181579  0.142705  0.143887  0.145706  0.145673  0.157351  0.162628  0.169315  0.179538  0.179507  0.179802   0.18014  0.143489  0.147134  0.146356  0.152054  0.161232    0.1682  0.174233  0.180005  0.179646  0.180467  0.181415    0.1472  0.151445  0.156599  0.166214  0.173388  0.177593  0.180341  0.180976  0.182195  0.184428
 0.150796  0.148264  0.146509  0.140481  0.158313  0.173103  0.175716  0.177366  0.177984  0.180111  0.149835  0.147254  0.144592  0.117515  0.150477   0.16863   0.17276  0.178755  0.179453  0.177149  0.179915  0.150668  0.149514    0.1487   0.14978  0.145255  0.168425  0.173891  0.178463  0.178392   0.17928  0.180428  0.150822  0.149816  0.152072  0.152217  0.156767  0.179671  0.177451  0.178213  0.178264   0.18068  0.156615  0.163213  0.170235  0.178819  0.151046  0.151942  0.153164  0.152085  0.160249  0.162832  0.167933  0.177165  0.176869  0.177094  0.177396  0.151452  0.154702  0.153315  0.157522  0.163675  0.168401  0.172825  0.177551  0.177041  0.177791    0.1787  0.154472  0.158018  0.160643  0.167826   0.17299   0.17555  0.177864  0.178368  0.179519  0.181721
 0.164307  0.162076  0.160938  0.136355  0.145269  0.164745   0.17025  0.172327  0.173098  0.175293  0.163317  0.161116  0.160088  0.150477  0.117773  0.159676   0.16679  0.173652  0.174565  0.172352  0.175146  0.163805  0.162748   0.16212  0.163802   0.15086  0.161582   0.16802  0.173537  0.173609  0.174557  0.175732  0.163626   0.16251  0.164384   0.16197  0.150482   0.17521  0.172911  0.173632   0.17367  0.176084  0.159352  0.160971  0.166163  0.174321  0.163585  0.164312  0.165185  0.163219  0.167007  0.164951  0.166554  0.173535  0.172638  0.172707  0.172931  0.163693  0.166625  0.164638  0.166968  0.168788  0.169696  0.171045  0.173679  0.172863  0.173465  0.174294  0.166053  0.168752  0.167868  0.171301  0.172985  0.172459  0.173934  0.174177  0.175191  0.177333
 0.176795  0.174774  0.174103  0.154613  0.145198  0.147626  0.155832  0.158655  0.159783  0.162144  0.175782   0.17381  0.173441   0.16863  0.159676  0.122673  0.149813  0.159713  0.161227  0.159252  0.162112  0.176042  0.175057  0.174574  0.176895  0.166329  0.153769  0.152115  0.160053   0.16053  0.161638  0.162883  0.175643  0.174498  0.176308  0.173365  0.159292  0.163257  0.160501  0.161075  0.161077  0.163482  0.167168  0.160999  0.157977   0.16196  0.175403  0.176027  0.176693  0.174198  0.174844  0.167711  0.162865  0.163759  0.161037  0.160646  0.160656  0.175287  0.177981  0.175509  0.176144  0.173426  0.169011  0.164713  0.162814  0.161283  0.161525  0.162157  0.177104  0.178995  0.174371  0.173103  0.169368  0.163087  0.162864  0.162542  0.163239  0.165238
 0.179253  0.177321  0.176858  0.161591  0.155531  0.146168   0.13968  0.142536  0.144179  0.146802  0.178229  0.176349  0.176212   0.17276   0.16679  0.149813  0.122658  0.142671  0.145536  0.143986  0.146959  0.178394  0.177437  0.177007  0.179539  0.169873  0.159457  0.147895  0.144895  0.145367  0.146685  0.148029  0.177903  0.176748  0.178547  0.175538  0.163927  0.151529  0.146679  0.146767  0.146642  0.149022  0.168937  0.161424  0.153882  0.147867  0.177579  0.178161  0.178749  0.176065  0.175659  0.166673  0.158374  0.153521  0.148333  0.147105  0.146717   0.17737  0.179964  0.177288  0.177194    0.1724  0.165044  0.156646  0.150627  0.148293  0.148041  0.148387  0.178952  0.180474  0.174044   0.17021  0.162895  0.152038  0.150323  0.149406  0.149712  0.151518
 0.184749  0.182844  0.182443  0.168442  0.163751  0.155986  0.140815  0.141228  0.143026  0.145791  0.183722  0.181869  0.181802  0.178755  0.173652  0.159713  0.142671   0.13983  0.144221  0.143007  0.146056  0.183857   0.18291  0.182496  0.185092  0.175701  0.166123  0.155051  0.145731  0.144531  0.145913  0.147312  0.183339  0.182182  0.183978  0.180955  0.170091  0.152846  0.146811  0.146434  0.146188  0.148544  0.174265   0.16648  0.158081  0.147604   0.18299  0.183559  0.184123  0.181384  0.180671  0.171153  0.161857  0.155036  0.148869  0.147199  0.146556  0.182752  0.185316  0.182577   0.18226  0.176829  0.168549  0.158781  0.151281  0.148612  0.148112  0.148301  0.184262   0.18567  0.178678  0.174026  0.165522   0.15306    0.1508  0.149632  0.149749  0.151456
 0.185322  0.183424  0.183039  0.169353  0.165022  0.157924  0.142918  0.140904  0.140597   0.14332  0.184294  0.182449  0.182399  0.179453  0.174565  0.161227  0.145536  0.144221  0.139913  0.140398  0.143681  0.184423  0.183477  0.183068   0.18568  0.176359   0.16699  0.156134  0.146874  0.144006  0.143885  0.145266  0.183897   0.18274  0.184536   0.18151  0.170832  0.152632  0.146301   0.14532  0.144625  0.146889  0.174802  0.166961  0.158403  0.146247  0.183542  0.184109  0.184666  0.181913  0.181125  0.171479  0.161948  0.154664  0.148244  0.146322  0.145376  0.183297  0.185854  0.183099  0.182727  0.177135   0.16862  0.158498  0.150591  0.147782  0.147107  0.147139  0.184789  0.186169  0.179033   0.17417   0.16535  0.152434  0.150003  0.148709   0.14869  0.150309
 0.182965  0.181069  0.180691   0.16714  0.162964  0.156182  0.141532  0.139466  0.136986  0.137497  0.181936  0.180094  0.180051  0.177149  0.172352  0.159252  0.143986  0.143007  0.140398  0.132726  0.137496  0.182062  0.181117  0.180709  0.183329  0.174038  0.164763  0.154009  0.144909  0.142029  0.140378  0.140206  0.181533  0.180375  0.182171  0.179145  0.168548  0.150036  0.143684  0.142283  0.140841  0.142736   0.17243  0.164572  0.155965  0.142632  0.181175   0.18174  0.182295  0.179537  0.178716  0.169018  0.159392  0.151928  0.145409  0.143318  0.142045  0.180927   0.18348  0.180719  0.180322   0.17466  0.166043  0.155762  0.147664  0.144761  0.143926  0.143776  0.182411  0.183778  0.176579  0.171622  0.162655  0.149512  0.146986  0.145591  0.145436  0.146955
 0.185715  0.183821  0.183444  0.169933  0.165803  0.159113  0.144586  0.142572  0.139999   0.13839  0.184687  0.182845  0.182805  0.179915  0.175146  0.162112  0.146959  0.146056  0.143681  0.137496  0.132391  0.184811  0.183867   0.18346  0.186081    0.1768  0.167552  0.156829  0.147781  0.144929   0.14324  0.141554  0.184282  0.183124   0.18492  0.181894  0.171321  0.152729  0.146384  0.144903  0.143093  0.144697  0.175177  0.167314  0.158696  0.144917  0.183924  0.184488  0.185042  0.182282  0.181452  0.171738  0.162086  0.154573  0.148027  0.145886  0.144481  0.183674  0.186227  0.183463  0.183059  0.177377  0.168729  0.158401  0.150245  0.147311  0.146412  0.146181  0.185156  0.186519  0.179302  0.174317  0.165305   0.15209  0.149533    0.1481  0.147888  0.149363
  0.13814  0.138112  0.140405  0.154443  0.168208  0.180169  0.181037  0.182428  0.182951  0.185036  0.137245  0.138254  0.141454  0.150668  0.163805  0.176042  0.178394  0.183857  0.184423  0.182062  0.184811  0.133016  0.137908  0.141007  0.148589  0.153704  0.174875  0.179543  0.183465  0.183298  0.184148  0.185278  0.138145  0.140057  0.145173  0.149483   0.16386  0.184406   0.18221  0.182994   0.18305  0.185467  0.159124  0.167293  0.174915  0.183545  0.138948  0.141247  0.144239  0.144953  0.157727  0.163734  0.170871  0.181387  0.181436  0.181752  0.182101  0.140551  0.144934  0.144777  0.151181  0.161506  0.169222  0.175771  0.181875  0.181563  0.182406  0.183367  0.145184  0.149913  0.156184  0.166718  0.174584  0.179328  0.182218  0.182894  0.184135  0.186377
 0.139212   0.13801  0.139581  0.153397  0.167194  0.179192  0.180087  0.181481  0.182006  0.184091  0.137737  0.137005  0.140183  0.149514  0.162748  0.175057  0.177437   0.18291  0.183477  0.181117  0.183867  0.137908  0.133746  0.139178  0.147205  0.152579  0.173891  0.178582  0.182519  0.182354  0.183204  0.184335  0.138495  0.138775  0.143966  0.148378  0.162836  0.183463  0.181268  0.182052  0.182108  0.184525  0.158125   0.16633  0.173964  0.182604  0.139605  0.141072  0.143544  0.144139  0.156855  0.162835  0.169952  0.180452  0.180497  0.180812  0.181161  0.140711  0.144681  0.144284  0.150554  0.160722  0.168361  0.174864  0.180941  0.180626  0.181467  0.182427  0.144894  0.149463  0.155522  0.165926  0.173714  0.178407  0.181284  0.181957  0.183196  0.185437
 0.141702  0.139827  0.140398   0.15291  0.166674  0.178729  0.179667  0.181069  0.181596  0.183683  0.140506  0.138114  0.139364    0.1487   0.16212  0.174574  0.177007  0.182496  0.183068  0.180709   0.18346  0.141007  0.139178  0.134837  0.145214  0.151644  0.173394  0.178139  0.182106  0.181946  0.182798  0.183928  0.140998  0.139517  0.142952  0.147514  0.162224  0.183056  0.180863  0.181647  0.181703   0.18412  0.157542  0.165859  0.173535  0.182202  0.141518  0.142419  0.144018  0.144088  0.156586  0.162502  0.169585  0.180061  0.180099  0.180412  0.180759  0.142147   0.14567  0.144883  0.150843  0.160649   0.16812   0.17453  0.180553  0.180231  0.181069  0.182027  0.145773  0.150087  0.155712  0.165835  0.173458  0.178045  0.180896  0.181562  0.182798  0.185037
 0.149357  0.147446    0.1475  0.155347  0.168852   0.18113  0.182241   0.18367  0.184209  0.186301  0.148247  0.146085  0.145715   0.14978  0.163802  0.176895  0.179539  0.185092   0.18568  0.183329  0.186081  0.148589  0.147205  0.145214  0.136475   0.15154  0.175654  0.180621   0.18471  0.184565  0.185422  0.186556  0.148313  0.146745   0.14774  0.149658  0.163952  0.185682  0.183499  0.184283  0.184339  0.186756  0.159664  0.168271  0.176081  0.184845  0.148506  0.149193  0.150105   0.14921  0.160161  0.165523  0.172395  0.182752  0.182758  0.183062  0.183405  0.148826  0.152008  0.150753  0.155949  0.164558  0.171394   0.17744  0.183253  0.182902  0.183727  0.184678  0.151919  0.155834  0.160351  0.169601  0.176647   0.18084  0.183595  0.184234  0.185456   0.18769
 0.154442   0.15244  0.151976  0.147401  0.158063  0.171006  0.172766  0.174306  0.174891  0.177004  0.153397  0.151342  0.150792  0.145255   0.15086  0.166329  0.169873  0.175701  0.176359  0.174038    0.1768  0.153704  0.152579  0.151644   0.15154  0.120054  0.164402  0.170641  0.175342   0.17527  0.176154  0.177298  0.153357  0.152021  0.153274  0.148544  0.148847  0.176398  0.174271  0.175058  0.175115  0.177533  0.148257  0.157754  0.166339  0.175657  0.153299  0.153936   0.15464  0.152491  0.157146  0.158401  0.163963  0.173764  0.173637  0.173906  0.174227  0.153372  0.156274  0.154347  0.157285  0.161273  0.165132  0.169466  0.174315  0.173836  0.174604  0.175525  0.155792  0.158773  0.159577  0.165394  0.169924  0.172336  0.174654  0.175171  0.176335  0.178545
 0.175688  0.173721   0.17319    0.1575  0.155739  0.162301  0.163245  0.164861  0.165546  0.167715  0.174666  0.172739  0.172492  0.168425  0.161582  0.153769  0.159457  0.166123   0.16699  0.164763  0.167552  0.174875  0.173891  0.173394  0.175654  0.164402  0.129042  0.155573  0.165524  0.165924  0.166929  0.168121  0.174428  0.173252  0.174972  0.171598  0.153648  0.166665  0.165086  0.165954  0.166041  0.168466  0.163628  0.153864  0.153798  0.166707  0.174161   0.17476  0.175376  0.172756  0.172722  0.164809  0.160814  0.165715  0.164879  0.165039  0.165303  0.174015  0.176676  0.174151  0.174653    0.1718  0.168001  0.165679  0.166333  0.165325  0.165883  0.166699  0.175778  0.177635  0.173027  0.172215  0.169853  0.165991  0.166637  0.166682  0.167627  0.169747
 0.180402   0.17847  0.178012  0.163105  0.158765  0.157136  0.152779  0.154022  0.154744  0.156955  0.179377  0.177494  0.177354  0.173891   0.16802  0.152115  0.147895  0.155051  0.156134  0.154009  0.156829  0.179543  0.178582  0.178139  0.180621  0.170641  0.155573  0.125154  0.153315  0.154983  0.156204  0.157464  0.179054  0.177892  0.179666  0.176537   0.16369  0.155365  0.154349  0.155355  0.155494  0.157932  0.169445  0.160742   0.15093  0.156309  0.178737  0.179319  0.179904  0.177213  0.176752  0.167705  0.159736  0.157933  0.154899  0.154761  0.154937  0.178535  0.181137  0.178479   0.17847  0.173992  0.167362  0.160689  0.157123  0.155467  0.155759  0.156445  0.180142  0.181721  0.175636  0.172482   0.16655  0.158056  0.157239  0.156807  0.157508  0.159526
 0.184363  0.182463  0.182074  0.168354   0.16412    0.1578  0.145138  0.145045  0.145638  0.147871  0.183335  0.181487  0.181433  0.178463  0.173537  0.160053  0.144895  0.145731  0.146874  0.144909  0.147781  0.183465  0.182519  0.182106   0.18471  0.175342  0.165524  0.153315  0.136336  0.145069  0.147058  0.148506  0.182941  0.181783  0.183576  0.180539  0.169701  0.150974  0.145386  0.146475   0.14673    0.1492  0.173781  0.165817  0.156967  0.147835  0.182588  0.183155  0.183714  0.180963  0.180184   0.17055  0.161059  0.154022  0.147895  0.146658  0.146541  0.182345  0.184905  0.182155  0.181805  0.176282  0.167896  0.158039  0.150563  0.148039  0.147811  0.148243  0.183844  0.185237  0.178172  0.173439  0.164873  0.152445  0.150246  0.149222  0.149538  0.151377
 0.184202  0.182307  0.181929  0.168403  0.164286  0.157755  0.143843  0.142953  0.142979  0.145074  0.183173  0.181331  0.181289  0.178392  0.173609   0.16053  0.145367  0.144531  0.144006  0.142029  0.144929  0.183298  0.182354  0.181946  0.184565   0.17527  0.165924  0.154983  0.145069  0.139912  0.143838  0.145625   0.18277  0.181612  0.183407  0.180377  0.169763  0.150831  0.144137   0.14369  0.143984  0.146492  0.173647  0.165748  0.157033  0.145341  0.182412  0.182977  0.183531  0.180772  0.179945  0.170232  0.160574  0.153048  0.146512  0.144711  0.144152  0.182163  0.184716  0.181954  0.181557  0.175896  0.167285  0.157033  0.149015  0.146248  0.145729  0.145958  0.183647  0.185014   0.17782  0.172877  0.163955  0.150943  0.148504  0.147283  0.147397   0.14912
 0.185054  0.183161  0.182787  0.169346  0.165306  0.158844  0.144753  0.143254  0.142274  0.143725  0.184025  0.182185  0.182148   0.17928  0.174557  0.161638  0.146685  0.145913  0.143885  0.140378   0.14324  0.184148  0.183204  0.182798  0.185422  0.176154  0.166929  0.156204  0.147058  0.143838  0.139862  0.143558  0.183617  0.182459  0.184255  0.181227  0.170687  0.151824  0.145361  0.143583  0.142469  0.144988  0.174503  0.166619  0.157946   0.14441  0.183257  0.183821  0.184374  0.181611  0.180764  0.171021  0.161314  0.153693  0.147089  0.144911   0.14365  0.183007  0.185557   0.18279  0.182375   0.17666  0.167966  0.157573  0.149351  0.146415   0.14557  0.145459  0.184485  0.185842  0.178596  0.173572  0.164506   0.15123  0.148659  0.147251  0.147105  0.148645
 0.186185  0.184292  0.183921   0.17052  0.166518   0.16011  0.146017  0.144364  0.142738  0.143261  0.185156  0.183317  0.183282  0.180428  0.175732  0.162883  0.148029  0.147312  0.145266  0.140206  0.141554  0.185278  0.184335  0.183928  0.186556  0.177298  0.168121  0.157464  0.148506  0.145625  0.143558  0.139138  0.184746  0.183588  0.185384  0.182357  0.171849  0.153005   0.14665  0.144942  0.142388  0.143452  0.175635  0.167756  0.159096  0.144301  0.184385  0.184949  0.185501  0.182736   0.18188  0.172123  0.162396  0.154742  0.148121  0.145859   0.14417  0.184134  0.186683  0.183914  0.183491  0.177752  0.169022  0.158569  0.150261  0.147253  0.146216  0.145815  0.185609  0.186962  0.179694  0.174633  0.165504  0.152108  0.149475  0.147955  0.147621  0.149003
 0.140763  0.140022  0.141689   0.15449  0.167938  0.179752   0.18053  0.181907  0.182425  0.184508  0.139704  0.139465  0.142148  0.150822  0.163626  0.175643  0.177903  0.183339  0.183897  0.181533  0.184282  0.138145  0.138495  0.140998  0.148313  0.153357  0.174428  0.179054  0.182941   0.18277  0.183617  0.184746  0.133984  0.138777  0.144361  0.148774  0.163443  0.183868  0.181673  0.182459  0.182515  0.184932  0.158519  0.166733  0.174377  0.183007  0.137361  0.139337  0.142894  0.143844  0.156854  0.163013  0.170244  0.180823  0.180889   0.18121  0.181562  0.138995   0.14342  0.143431  0.150009  0.160596  0.168477  0.175139  0.181316  0.181015  0.181863  0.182825  0.143754  0.148586  0.155115  0.165857  0.173876   0.17874   0.18166  0.182346  0.183591  0.185835
 0.141687  0.140435  0.141614  0.153525   0.16683  0.178611  0.179375   0.18075  0.181268   0.18335  0.140515  0.139405  0.141504  0.149816   0.16251  0.174498  0.176748  0.182182   0.18274  0.180375  0.183124  0.140057  0.138775  0.139517  0.146745  0.152021  0.173252  0.177892  0.181783  0.181612  0.182459  0.183588  0.138777  0.134323  0.142224  0.147084  0.162217  0.182707  0.180514    0.1813  0.181356  0.183773  0.157184  0.165514    0.1732  0.181848  0.139243  0.139546  0.141413  0.142401  0.155555  0.161794  0.169063  0.179659  0.179729  0.180051  0.180404  0.139684   0.14317  0.142614  0.149022  0.159478  0.167326  0.173981  0.180156  0.179856  0.180704  0.181667  0.143411  0.147916  0.154149  0.164765  0.172737  0.177584  0.180501  0.181187  0.182432  0.184676
 0.146456  0.144941  0.145708  0.155776  0.168725  0.180437  0.181175  0.182547  0.183064  0.185147  0.145319  0.143731  0.145063  0.152072  0.164384  0.176308  0.178547  0.183978  0.184536  0.182171   0.18492  0.145173  0.143966  0.142952   0.14774  0.153274  0.174972  0.179666  0.183576  0.183407  0.184255  0.185384  0.144361  0.142224  0.139897   0.14692   0.16378  0.184494  0.182308  0.183095  0.183152  0.185569    0.1584  0.167115  0.174935  0.183644  0.144305   0.14466  0.144793  0.143805  0.157004  0.163442  0.170805  0.181443  0.181523  0.181847    0.1822  0.144351  0.147257  0.145877  0.151606  0.161503  0.169196  0.175799  0.181955  0.181653    0.1825  0.183463  0.147198  0.151215   0.15665  0.166843  0.174634    0.1794  0.182303  0.182985  0.184229  0.186473
 0.150641  0.149003  0.149413  0.154711    0.1662  0.177566  0.178168  0.179526  0.180039  0.182121   0.14954  0.147853   0.14859  0.152217   0.16197  0.173365  0.175538  0.180955   0.18151  0.179145  0.181894  0.149483  0.148378  0.147514  0.149658  0.148544  0.171598  0.176537  0.180539  0.180377  0.181227  0.182357  0.148774  0.147084   0.14692  0.130076  0.159732   0.18142   0.17927  0.180065  0.180124  0.182542  0.152069  0.163074  0.171601  0.180617   0.14857  0.148996  0.149217  0.146028  0.152774  0.159701  0.167506  0.178355  0.178482  0.178816  0.179172  0.148473  0.151197  0.149146  0.152801  0.159688  0.166532  0.172874   0.17894   0.17863  0.179476  0.180437  0.150759  0.153995  0.156781  0.165141  0.172082  0.176468  0.179299  0.179966  0.181206  0.183448
 0.164647  0.162665  0.162139  0.149049  0.153136  0.165116  0.167114  0.168738   0.16937  0.171508  0.163619  0.161654   0.16132  0.156767  0.150482  0.159292  0.163927  0.170091  0.170832  0.168548  0.171321   0.16386  0.162836  0.162224  0.163952  0.148847  0.153648   0.16369  0.169701  0.169763  0.170687  0.171849  0.163443  0.162217   0.16378  0.159732  0.120794  0.170796  0.168834  0.169642  0.169707  0.172127  0.150156  0.149846  0.159611  0.170296   0.16324  0.163849  0.164483  0.161936  0.162707  0.158164  0.159929  0.168643  0.168345  0.168578  0.168877  0.163162  0.165896  0.163554  0.164824  0.164497  0.164385  0.165966  0.169308   0.16864  0.169331  0.170211  0.165136  0.167388  0.164845  0.166961  0.168185  0.167983  0.169648  0.169985  0.171066  0.173242
 0.185319  0.183433  0.183077  0.170063  0.166778  0.162542  0.151612  0.151246  0.151214  0.153088   0.18429  0.182456  0.182436  0.179671   0.17521  0.163257  0.151529  0.152846  0.152632  0.150036  0.152729  0.184406  0.183463  0.183056  0.185682  0.176398  0.166665  0.155365  0.150974  0.150831  0.151824  0.153005  0.183868  0.182707  0.184494   0.18142  0.170796  0.139353  0.147895  0.150111  0.150544  0.153043  0.174492  0.166016  0.155268  0.151051  0.183504  0.184065  0.184611  0.181829  0.180865  0.170876  0.160645  0.152481  0.147623  0.148701  0.149465  0.183249  0.185794  0.183018  0.182574  0.176798  0.168109   0.15805  0.151132  0.149339  0.149975  0.150914  0.184717  0.186067  0.178813   0.17388  0.165253  0.153301  0.151476  0.150969  0.151832  0.153975
 0.183122  0.181234  0.180874  0.167712  0.164047  0.158513  0.145833  0.145097  0.144924  0.146758  0.182093  0.180258  0.180235  0.177451  0.172911  0.160501  0.146679  0.146811  0.146301  0.143684  0.146384   0.18221  0.181268  0.180863  0.183499  0.174271  0.165086  0.154349  0.145386  0.144137  0.145361   0.14665  0.181673  0.180514  0.182308   0.17927  0.168834  0.147895   0.13933   0.14341  0.144202  0.146768  0.172497  0.164478  0.155402  0.144925  0.181309   0.18187  0.182418  0.179642  0.178725  0.168852  0.158872  0.150641  0.143726  0.142689  0.143333  0.181053  0.183598  0.180819  0.180363  0.174534  0.165687  0.155104  0.146814  0.144259  0.144277  0.144999  0.182517  0.183855  0.176518  0.171381  0.162218  0.149014  0.146594  0.145629  0.146129  0.148113
 0.183905  0.182016  0.181653  0.168422  0.164632  0.158716  0.145397  0.144333  0.143804  0.145425  0.182876   0.18104  0.181015  0.178213  0.173632  0.161075  0.146767  0.146434   0.14532  0.142283  0.144903  0.182994  0.182052  0.181647  0.184283  0.175058  0.165954  0.155355  0.146475   0.14369  0.143583  0.144942  0.182459    0.1813  0.183095  0.180065  0.169642  0.150111   0.14341  0.139363  0.142115  0.144975  0.173326  0.165399  0.156606  0.143339  0.182095  0.182656  0.183205  0.180433  0.179536  0.169706  0.159839  0.151887  0.145085  0.142568  0.141725  0.181839  0.184385  0.181608  0.181156  0.175338  0.166493  0.155874  0.147397  0.144393  0.143635  0.143835  0.183305  0.184644  0.177307   0.17215  0.162891   0.14936   0.14671  0.145331  0.145333  0.147034
  0.18396  0.182071  0.181708  0.168457  0.164631  0.158592  0.145024  0.143717  0.142758  0.143992  0.182931  0.181095  0.181069  0.178264   0.17367  0.161077  0.146642  0.146188  0.144625  0.140841  0.143093   0.18305  0.182108  0.181703  0.184339  0.175115  0.166041  0.155494   0.14673  0.143984  0.142469  0.142388  0.182515  0.181356  0.183152  0.180124  0.169707  0.150544  0.144202  0.142115  0.137081  0.141603  0.173396  0.165497  0.156788  0.140814  0.182151  0.182713  0.183262  0.180491    0.1796  0.169783  0.159952  0.152105  0.145378  0.142906  0.140647  0.181896  0.184442  0.181665  0.181214  0.175397  0.166551  0.155921  0.147395  0.144272  0.143021   0.14245  0.183362  0.184701  0.177362  0.172195    0.1629  0.149242  0.146497  0.144854  0.144372  0.145666
 0.186377  0.184488  0.184124   0.17087  0.167035  0.160968  0.147338  0.145958  0.144821  0.145846  0.185348  0.183512  0.183486   0.18068  0.176084  0.163482  0.149022  0.148544  0.146889  0.142736  0.144697  0.185467  0.184525   0.18412  0.186756  0.177533  0.168466  0.157932    0.1492  0.146492  0.144988  0.143452  0.184932  0.183773  0.185569  0.182542  0.172127  0.153043  0.146768  0.144975  0.141603  0.136383  0.175816  0.167924  0.159233  0.141884  0.184568   0.18513  0.185679  0.182908  0.182018  0.172205  0.162382  0.154561  0.147853  0.145421  0.143173  0.184313  0.186859  0.184082  0.183631  0.177815  0.168968  0.158335  0.149799  0.146653  0.145302  0.144358  0.185779  0.187118  0.179779  0.174609  0.165304  0.151616  0.148846  0.147128  0.146454  0.147534
 0.160136  0.158349  0.158302  0.154514  0.161756  0.171603  0.171556  0.172838  0.173334  0.175408  0.159079    0.1573  0.157515  0.156615  0.159352  0.167168  0.168937  0.174265  0.174802   0.17243  0.175177  0.159124  0.158125  0.157542  0.159664  0.148257  0.163628  0.169445  0.173781  0.173647  0.174503  0.175635  0.158519  0.157184    0.1584  0.152069  0.150156  0.174492  0.172497  0.173326  0.173396  0.175816  0.124767   0.15134    0.1635  0.173889  0.158199  0.158708  0.159121  0.155941  0.152959  0.150851  0.159634  0.171347  0.171688  0.172068  0.172439  0.157987  0.160577  0.157994  0.158681  0.158547  0.161352  0.166518  0.172244  0.171908   0.17275  0.173711  0.159727  0.161837  0.159447  0.163052  0.167095  0.170078  0.172647  0.173261  0.174485  0.176724
  0.16824  0.166388  0.166139  0.156634  0.159142  0.165632  0.163969  0.165055    0.1655  0.167557  0.167201  0.165384  0.165435  0.163213  0.160971  0.160999  0.161424   0.16648  0.166961  0.164572  0.167314  0.167293   0.16633  0.165859  0.168271  0.157754  0.153864  0.160742  0.165817  0.165748  0.166619  0.167756  0.166733  0.165514  0.167115  0.163074  0.149846  0.166016  0.164478  0.165399  0.165497  0.167924   0.15134  0.122656  0.151163  0.165991  0.166385  0.166928  0.167428   0.16449  0.162452  0.150859  0.149812  0.162763  0.163613  0.164116  0.164528  0.166146  0.168707  0.165993  0.165896  0.161792  0.158598  0.159843  0.164437  0.164021  0.164855  0.165817  0.167712  0.169352  0.164065  0.163413  0.163083  0.163002  0.164935  0.165418  0.166605  0.168834
 0.175831  0.173948  0.173609   0.16135  0.160067  0.161236  0.156023  0.156644  0.156959  0.158968  0.174799  0.172963  0.172947  0.170235  0.166163  0.157977  0.153882  0.158081  0.158403  0.155965  0.158696  0.174915  0.173964  0.173535  0.176081  0.166339  0.153798   0.15093  0.156967  0.157033  0.157946  0.159096  0.174377    0.1732  0.174935  0.171601  0.159611  0.155268  0.155402  0.156606  0.156788  0.159233    0.1635  0.151163  0.122511  0.157288  0.174024  0.174582   0.17512  0.172305  0.171075  0.160448  0.149493  0.152948  0.154481  0.155272  0.155791  0.173779  0.176336  0.173591  0.173291  0.168082  0.160953  0.155853  0.156125  0.155379  0.156171  0.157127  0.175293  0.176754  0.170225  0.166886  0.161902  0.156327   0.15674  0.156876  0.157957  0.160158
 0.184459  0.182573  0.182216  0.169105  0.165429  0.159674  0.146444  0.145266   0.14444  0.145757   0.18343  0.181597  0.181579  0.178819  0.174321   0.16196  0.147867  0.147604  0.146247  0.142632  0.144917  0.183545  0.182604  0.182202  0.184845  0.175657  0.166707  0.156309  0.147835  0.145341   0.14441  0.144301  0.183007  0.181848  0.183644  0.180617  0.170296  0.151051  0.144925  0.143339  0.140814  0.141884  0.173889  0.165991  0.157288  0.136008   0.18264    0.1832  0.183747  0.180969  0.180047   0.17018  0.160271  0.152307  0.145531   0.14297  0.140174  0.182381  0.184923  0.182139  0.181662  0.175767  0.166804  0.155988  0.147214  0.143907  0.142141  0.140279  0.183839  0.185163  0.177752  0.172471  0.162981  0.148969   0.14604  0.144046  0.142842  0.143406
  0.14144  0.140726  0.142336  0.154568  0.167802  0.179492  0.180192  0.181557   0.18207  0.184151  0.140471  0.140194  0.142705  0.151046  0.163585  0.175403  0.177579   0.18299  0.183542  0.181175  0.183924  0.138948  0.139605  0.141518  0.148506  0.153299  0.174161  0.178737  0.182588  0.182412  0.183257  0.184385  0.137361  0.139243  0.144305   0.14857   0.16324  0.183504  0.181309  0.182095  0.182151  0.184568  0.158199  0.166385  0.174024   0.18264  0.131316  0.137986  0.142069  0.143122  0.156252  0.162504  0.169805  0.180435  0.180515   0.18084  0.181194  0.135792  0.141554  0.142066  0.148912  0.159837  0.167902   0.17468  0.180928  0.180637   0.18149  0.182455  0.141891    0.1471  0.154095  0.165128   0.17333  0.178321  0.181273  0.181969  0.183219  0.185464
 0.143365  0.142388  0.143764  0.155406  0.168488  0.180109  0.180766  0.182125  0.182637  0.184716  0.142302  0.141631  0.143887  0.151942  0.164312  0.176027  0.178161  0.183559  0.184109   0.18174  0.184488  0.141247  0.141072  0.142419  0.149193  0.153936   0.17476  0.179319  0.183155  0.182977  0.183821  0.184949  0.139337  0.139546   0.14466  0.148996  0.163849  0.184065   0.18187  0.182656  0.182713   0.18513  0.158708  0.166928  0.174582    0.1832  0.137986  0.135363  0.141807  0.143283  0.156625  0.162971  0.170323  0.180983  0.181072  0.181399  0.181755  0.137814  0.141765  0.142273  0.149196  0.160235  0.168371  0.175199  0.181479  0.181193  0.182048  0.183015  0.142446  0.147469  0.154464  0.165558  0.173819   0.17886  0.181825  0.182525  0.183777  0.186023
 0.145983  0.144772  0.145882  0.156489  0.169275  0.180763   0.18134  0.182687  0.183194  0.185272  0.144882  0.143825  0.145706  0.153164  0.165185  0.176693  0.178749  0.184123  0.184666  0.182295  0.185042  0.144239  0.143544  0.144018  0.150105   0.15464  0.175376  0.179904  0.183714  0.183531  0.184374  0.185501  0.142894  0.141413  0.144793  0.149217  0.164483  0.184611  0.182418  0.183205  0.183262  0.185679  0.159121  0.167428   0.17512  0.183747  0.142069  0.141807  0.138731  0.142558  0.156716  0.163317  0.170782  0.181506  0.181611  0.181943    0.1823  0.141458  0.143581  0.142271  0.149249  0.160481  0.168749  0.175668  0.182008  0.181731   0.18259  0.183559  0.143748  0.148011  0.154758  0.165891   0.17424  0.179367  0.182356  0.183063  0.184318  0.186567
 0.146506  0.145158   0.14605  0.154922  0.167066  0.178237  0.178625  0.179944  0.180441  0.182515  0.145407  0.144138  0.145673  0.152085  0.163219  0.174198  0.176065  0.181384  0.181913  0.179537  0.182282  0.144953  0.144139  0.144088   0.14921  0.152491  0.172756  0.177213  0.180963  0.180772  0.181611  0.182736  0.143844  0.142401  0.143805  0.146028  0.161936  0.181829  0.179642  0.180433  0.180491  0.182908  0.155941   0.16449  0.172305  0.180969  0.143122  0.143283  0.142558  0.130366  0.151915  0.159887   0.16776  0.178666  0.178816  0.179158  0.179521  0.142499    0.1446  0.141249  0.145926   0.15706  0.165596  0.172718  0.179192  0.178933  0.179802  0.180776  0.143786  0.146937  0.152038  0.162816  0.171231  0.176509  0.179544  0.180266  0.181531  0.183783
  0.15903  0.157477  0.157912  0.160236  0.169268  0.178702  0.178043  0.179209  0.179652  0.181701  0.157955  0.156454  0.157351  0.160249  0.167007  0.174844  0.175659  0.180671  0.181125  0.178716  0.181452  0.157727  0.156855  0.156586  0.160161  0.157146  0.172722  0.176752  0.180184  0.179945  0.180764   0.18188  0.156854  0.155555  0.157004  0.152774  0.162707  0.180865  0.178725  0.179536    0.1796  0.182018  0.152959  0.162452  0.171075  0.180047  0.156252  0.156625  0.156716  0.151915  0.130032  0.153773  0.165185  0.177358  0.177786  0.178193  0.178586  0.155733   0.15798  0.154621  0.152537  0.153349  0.162706  0.170881  0.178059  0.177904  0.178822  0.179822  0.156769  0.158217  0.155316  0.161564  0.169413  0.175209   0.17845  0.179246  0.180552  0.182824
